class instance 0.05 0.1 0.15 0.2 0.25 0.3 0.35 0.4 0.45 0.5 0.55 0.6 0.65 0.7 0.75 0.8 0.85 0.9 0.95 
bateau 1348.jpg 0.55 0.55 0.53 0.52 0.52 0.52 0.52 0.52 0.50 0.50 0.50 0.50 0.47 0.47 0.40 0.30 0.20 0.10 0.10 
bateau_d 1429.jpg 0.44 0.44 0.44 0.44 0.44 0.44 0.44 0.43 0.41 0.41 0.41 0.38 0.38 0.38 0.20 0.20 0.20 0.20 0.00 
bateau_g 1435.jpg 0.50 0.50 0.49 0.49 0.48 0.48 0.48 0.48 0.48 0.44 0.27 0.25 0.12 0.10 0.10 0.10 0.10 0.10 0.00 
BP 151.jpg 1.00 1.00 1.00 1.00 1.00 1.00 1.00 1.00 1.00 1.00 1.00 1.00 1.00 1.00 1.00 1.00 0.80 0.40 0.00 
croix 190.jpg 0.63 0.64 0.64 0.64 0.64 0.64 0.64 0.64 0.64 0.64 0.64 0.64 0.62 0.60 0.53 0.28 0.00 0.00 0.00 
D 896.jpg 0.85 0.85 0.85 0.85 0.85 0.85 0.85 0.85 0.85 0.85 0.85 0.85 0.85 0.85 0.83 0.67 0.25 0.10 0.00 
double_sep 100.jpg 0.10 0.10 0.10 0.10 0.10 0.10 0.10 0.10 0.10 0.10 0.10 0.10 0.10 0.10 0.10 0.10 0.10 0.10 0.10 
encadrement 0.jpg 0.99 0.99 0.99 0.99 0.99 0.99 0.99 0.98 0.97 0.92 0.90 0.70 0.70 0.60 0.50 0.30 0.10 0.10 0.00 
grand_A 1294.jpg 0.90 0.90 0.90 0.90 0.90 0.90 0.90 0.90 0.90 0.90 0.90 0.80 0.80 0.80 0.80 0.50 0.30 0.10 0.10 
henri_d 876.jpg 0.60 0.60 0.60 0.60 0.60 0.60 0.60 0.60 0.60 0.60 0.60 0.60 0.60 0.60 0.20 0.20 0.20 0.20 0.20 
henri_g 945.jpg 0.71 0.71 0.71 0.71 0.71 0.71 0.71 0.71 0.71 0.71 0.70 0.70 0.70 0.70 0.70 0.70 0.40 0.40 0.00 
losange 282.jpg 0.69 0.69 0.69 0.69 0.69 0.69 0.69 0.69 0.69 0.69 0.69 0.69 0.69 0.69 0.62 0.36 0.10 0.10 0.00 
marqeur 467.jpg 0.38 0.38 0.38 0.38 0.38 0.38 0.38 0.35 0.34 0.33 0.28 0.24 0.18 0.00 0.00 0.00 0.00 0.00 0.00 
obj_1 941.jpg 0.31 0.31 0.30 0.30 0.30 0.30 0.30 0.30 0.30 0.30 0.30 0.30 0.30 0.30 0.30 0.30 0.30 0.30 0.00 
obj_2 933.jpg 0.55 0.00 0.00 0.00 0.00 0.00 0.00 0.00 0.00 0.00 0.00 0.00 0.00 0.00 0.00 0.00 0.00 0.00 0.00 
obj_3 931.jpg 1.00 1.00 1.00 1.00 1.00 1.00 1.00 1.00 1.00 1.00 1.00 1.00 1.00 1.00 1.00 1.00 1.00 1.00 0.00 
obj_31 147.jpg 1.00 1.00 1.00 1.00 1.00 1.00 1.00 1.00 1.00 1.00 1.00 1.00 1.00 1.00 1.00 1.00 1.00 1.00 0.30 
obj_34 163.jpg 1.00 1.00 1.00 1.00 1.00 1.00 1.00 1.00 1.00 1.00 1.00 1.00 1.00 1.00 1.00 0.90 0.70 0.20 0.20 
obj_35 1425.jpg 1.00 1.00 1.00 1.00 1.00 1.00 1.00 1.00 1.00 1.00 1.00 1.00 1.00 1.00 1.00 1.00 1.00 0.80 0.30 
obj_36 173.jpg 1.00 1.00 1.00 1.00 1.00 1.00 1.00 1.00 1.00 1.00 1.00 1.00 1.00 1.00 1.00 1.00 0.60 0.60 0.60 
obj_37 171.jpg 1.00 1.00 1.00 1.00 1.00 1.00 1.00 1.00 1.00 1.00 1.00 1.00 1.00 1.00 1.00 1.00 1.00 0.60 0.60 
obj_38 178.jpg 1.00 1.00 1.00 1.00 1.00 1.00 1.00 1.00 1.00 1.00 1.00 1.00 1.00 1.00 0.60 0.60 0.30 0.30 0.30 
obj_39 175.jpg 0.82 0.82 0.82 0.82 0.82 0.82 0.82 0.82 0.82 0.82 0.82 0.82 0.80 0.60 0.60 0.60 0.30 0.30 0.30 
obj_40 1339.jpg 0.75 0.75 0.75 0.75 0.75 0.75 0.75 0.75 0.75 0.75 0.75 0.75 0.60 0.60 0.30 0.30 0.20 0.20 0.20 
obj_42 1346.jpg 1.00 1.00 1.00 1.00 1.00 1.00 1.00 1.00 1.00 1.00 1.00 1.00 1.00 1.00 1.00 1.00 0.60 0.60 0.60 
obj_61 182.jpg 1.00 1.00 1.00 1.00 1.00 1.00 1.00 1.00 1.00 1.00 1.00 1.00 1.00 1.00 1.00 0.90 0.60 0.40 0.00 
pdp 1361.jpg 0.99 0.99 0.99 0.99 0.99 0.99 0.99 0.99 0.99 0.99 0.99 0.99 0.98 0.79 0.49 0.00 0.00 0.00 0.00 
petit_A 1390.jpg 0.90 0.90 0.90 0.90 0.90 0.90 0.90 0.90 0.90 0.90 0.90 0.87 0.77 0.39 0.20 0.10 0.00 0.00 0.00 
rubanlettrine 399.jpg 0.19 0.19 0.19 0.19 0.19 0.19 0.19 0.18 0.17 0.15 0.14 0.13 0.12 0.11 0.11 0.00 0.00 0.00 0.00 
rubanlettrine_b 881.jpg 0.66 0.66 0.66 0.66 0.66 0.66 0.66 0.66 0.66 0.66 0.66 0.66 0.66 0.66 0.40 0.40 0.40 0.00 0.00 
S 1000.jpg 0.63 0.58 0.58 0.58 0.58 0.57 0.57 0.57 0.57 0.57 0.57 0.57 0.57 0.52 0.47 0.38 0.20 0.10 0.00 
simple_sep 1134.jpg 0.10 0.10 0.10 0.10 0.10 0.10 0.10 0.10 0.10 0.10 0.10 0.10 0.10 0.10 0.10 0.10 0.10 0.10 0.10 
status 884.jpg 0.98 0.98 0.98 0.98 0.98 0.98 0.98 0.98 0.98 0.98 0.98 0.98 0.98 0.98 0.88 0.50 0.30 0.20 0.10 
T 1095.jpg 0.53 0.53 0.53 0.53 0.52 0.51 0.51 0.51 0.51 0.51 0.49 0.32 0.20 0.00 0.00 0.00 0.00 0.00 0.00 
triple_sep 1309.jpg 0.10 0.10 0.10 0.10 0.10 0.10 0.10 0.10 0.10 0.10 0.10 0.10 0.00 0.00 0.00 0.00 0.00 0.00 0.00 
